--- mean time (s), dataset=tl, machines=5 ---
n_jobs            20     50      100
name
cplex baseline  5.991  3.732  71.164
pfsnet20_at     0.414  1.208   2.279
pfsnet20_bn     0.415  1.213   2.249
pfsnet20_ln     0.413  1.204   2.268
pfsnetgen_at    0.165  0.454   0.829
pfsnetgen_bn    0.165  0.455   0.835
pfsnetgen_ln    0.203  0.453   0.830
--- mean time (s), dataset=tl, machines=10 ---
n_jobs              20       50       100      200
name
cplex baseline  393.699  554.664  584.655  600.256
pfsnet20_at       0.486    1.180    1.741    4.649
pfsnet20_bn       0.488    1.191    1.746    4.651
pfsnet20_ln       0.485    1.183    1.741    4.643
pfsnetgen_at      0.292    0.702    1.025    2.715
pfsnetgen_bn      0.292    0.699    1.026    2.726
pfsnetgen_ln      0.293    0.695    1.024    2.715
--- mean time (s), dataset=tl, machines=20 ---
n_jobs              20       50       100      200      500
name
cplex baseline  600.145  600.258  600.220  600.429  601.076
pfsnet20_at       0.483    1.172    1.856    4.414   11.041
pfsnet20_bn       0.486    1.175    1.866    4.417   11.025
pfsnet20_ln       0.484    1.173    1.861    4.417   11.014
pfsnetgen_at      0.493    1.190    1.889    4.489   11.199
pfsnetgen_bn      0.493    1.191    1.882    4.477   11.173
pfsnetgen_ln      0.493    1.187    1.878    4.465   11.382
--- mean time (s), dataset=vrf, machines=20 ---
n_jobs              100      200      300      400      500      600      700      800
name
cplex baseline  600.256  600.439  600.551  600.759  600.962  601.230  601.394  601.735
pfsnet20_at       2.429    3.610    5.406    7.364    9.474   11.608   13.918   16.281
pfsnet20_bn       2.442    3.612    5.406    7.384    9.429   11.609   13.956   16.283
pfsnet20_ln       2.434    3.597    5.433    7.369    9.474   11.593   13.965   16.313
pfsnetgen_at      2.455    3.651    5.482    7.505    9.609   11.773   14.157   16.528
pfsnetgen_bn      2.456    3.677    5.488    7.484    9.604   11.771   14.137   16.544
pfsnetgen_ln      2.497    3.644    5.479    7.489    9.564   11.750   14.099   16.459
--- mean time (s), dataset=vrf, machines=40 ---
n_jobs              100      200      300      400      500      600      700      800
name
cplex baseline  600.387  600.727  601.067  601.507  601.999  602.741  602.736  603.243
pfsnetgen_at      4.068    6.752   10.115   13.660   17.338   21.059   25.030   28.940
pfsnetgen_bn      4.110    6.743   10.148   13.698   17.345   21.075   25.132   28.959
pfsnetgen_ln      4.094    6.724   10.097   13.638   17.301   20.991   24.863   28.920
--- mean time (s), dataset=vrf, machines=60 ---
n_jobs              100      200      300      400      500      600      700      800
name
cplex baseline  600.512  601.026  601.703  602.156  602.631  603.145  604.302  602.775
pfsnetgen_at      4.869    9.830   15.048   19.925   25.028   30.373   35.952   41.364
pfsnetgen_bn      4.878    9.823   15.140   19.880   25.007   30.401   35.994   41.371
pfsnetgen_ln      4.829    9.787   14.917   19.847   25.032   30.251   35.858   41.246
